0 0.629365 0.370254 0.0784956 0.0779121
0 0.828781 0.124391 0.0741766 0.0687011
0 0.943749 0.29643 0.0819534 0.0768551
0 0.234068 0.320998 0.0754043 0.0736708
0 0.558563 0.127651 0.0709694 0.0642196
0 0.61416 0.530127 0.0846156 0.0831964
0 0.767084 0.302001 0.0820183 0.0827308
0 0.437218 0.0627928 0.0662338 0.0613663
0 0.195841 0.613079 0.0866899 0.078513
0 0.961087 0.444359 0.0778257 0.0845329
0 0.765706 0.571861 0.0862888 0.088162
0 0.969216 0.651595 0.0615686 0.0929214
0 0.0586299 0.228073 0.115593 0.305634
