0 0.305678 0.676606 0.16081 0.15066
0 0.0913998 0.693358 0.170904 0.154766
0 0.921509 0.0267511 0.107472 0.051424
0 0.947016 0.355991 0.105968 0.118246
0 0.538551 0.207107 0.118161 0.0978246
0 0.361625 0.0376692 0.0982576 0.0737683
0 0.233142 0.546717 0.156095 0.137681
0 0.678775 0.263534 0.121777 0.0996861
0 0.633056 0.334694 0.129514 0.108423
0 0.647495 0.302805 0.164048 0.172305
0 0.79198 0.0146065 0.109252 0.029213
0 0.674533 0.285831 0.137557 0.145727
0 0.632687 0.00717854 0.102588 0.0143571
